{
 "cells": [
  {
   "cell_type": "code",
   "execution_count": 1,
   "metadata": {},
   "outputs": [],
   "source": [
    "import numpy as np\n",
    "import pandas as pd\n",
    "from haversine import haversine\n",
    "from antColony import antColony\n",
    "from scipy.spatial import distance_matrix"
   ]
  },
  {
   "cell_type": "code",
   "execution_count": 2,
   "metadata": {},
   "outputs": [],
   "source": [
    "df_cities = pd.read_csv('1000_cities.csv', delimiter=';')\n",
    "df_cities.head()\n",
    "lat = []\n",
    "lon = []\n",
    "\n",
    "for row in df_cities['Coordinates']:\n",
    "    try:\n",
    "        lat.append(float(row.split(',')[0]))\n",
    "        lon.append(float(row.split(',')[1]))\n",
    "    except:\n",
    "        lat.append(np.nan)\n",
    "        lon.append(np.nan)\n",
    "df_cities['Lat'] = lat\n",
    "df_cities['Lon'] = lon\n",
    "df_cities.drop(['Rank','State','Population','Growth From 2000 to 2013'],\n",
    "              axis=1, inplace=True)"
   ]
  },
  {
   "cell_type": "code",
   "execution_count": 3,
   "metadata": {},
   "outputs": [],
   "source": [
    "# algorith paramater initialization\n",
    "iterations = 100\n",
    "numAnts = 20\n",
    "\n",
    "\n",
    "\n",
    "# paramater initialization\n",
    "c = 1.0 #original number of trails\n",
    "e = 0.5 #pheremone evaporation per cycle\n",
    "alpha = 1 #pheremone importance\n",
    "beta = 5 #distance priority\n",
    "antFactor = 0.8 #ants per city\n",
    "randomness = 0.01 #introduces slight mutations"
   ]
  },
  {
   "cell_type": "code",
   "execution_count": 4,
   "metadata": {},
   "outputs": [
    {
     "data": {
      "text/html": [
       "<div>\n",
       "<style scoped>\n",
       "    .dataframe tbody tr th:only-of-type {\n",
       "        vertical-align: middle;\n",
       "    }\n",
       "\n",
       "    .dataframe tbody tr th {\n",
       "        vertical-align: top;\n",
       "    }\n",
       "\n",
       "    .dataframe thead th {\n",
       "        text-align: right;\n",
       "    }\n",
       "</style>\n",
       "<table border=\"1\" class=\"dataframe\">\n",
       "  <thead>\n",
       "    <tr style=\"text-align: right;\">\n",
       "      <th></th>\n",
       "      <th>City</th>\n",
       "      <th>Coordinates</th>\n",
       "      <th>Lat</th>\n",
       "      <th>Lon</th>\n",
       "    </tr>\n",
       "  </thead>\n",
       "  <tbody>\n",
       "    <tr>\n",
       "      <th>0</th>\n",
       "      <td>South San Francisco</td>\n",
       "      <td>37.654656, -122.4077498</td>\n",
       "      <td>37.654656</td>\n",
       "      <td>-122.407750</td>\n",
       "    </tr>\n",
       "    <tr>\n",
       "      <th>1</th>\n",
       "      <td>Aliso Viejo</td>\n",
       "      <td>33.5676842, -117.7256083</td>\n",
       "      <td>33.567684</td>\n",
       "      <td>-117.725608</td>\n",
       "    </tr>\n",
       "    <tr>\n",
       "      <th>2</th>\n",
       "      <td>Rapid City</td>\n",
       "      <td>44.0805434, -103.2310149</td>\n",
       "      <td>44.080543</td>\n",
       "      <td>-103.231015</td>\n",
       "    </tr>\n",
       "    <tr>\n",
       "      <th>3</th>\n",
       "      <td>Coon Rapids</td>\n",
       "      <td>45.1732394, -93.3030063</td>\n",
       "      <td>45.173239</td>\n",
       "      <td>-93.303006</td>\n",
       "    </tr>\n",
       "    <tr>\n",
       "      <th>4</th>\n",
       "      <td>Malden</td>\n",
       "      <td>42.4250964, -71.066163</td>\n",
       "      <td>42.425096</td>\n",
       "      <td>-71.066163</td>\n",
       "    </tr>\n",
       "  </tbody>\n",
       "</table>\n",
       "</div>"
      ],
      "text/plain": [
       "                  City               Coordinates        Lat         Lon\n",
       "0  South San Francisco   37.654656, -122.4077498  37.654656 -122.407750\n",
       "1          Aliso Viejo  33.5676842, -117.7256083  33.567684 -117.725608\n",
       "2           Rapid City  44.0805434, -103.2310149  44.080543 -103.231015\n",
       "3          Coon Rapids   45.1732394, -93.3030063  45.173239  -93.303006\n",
       "4               Malden    42.4250964, -71.066163  42.425096  -71.066163"
      ]
     },
     "execution_count": 4,
     "metadata": {},
     "output_type": "execute_result"
    }
   ],
   "source": [
    "df_cities.head()"
   ]
  },
  {
   "cell_type": "code",
   "execution_count": 5,
   "metadata": {},
   "outputs": [
    {
     "data": {
      "text/plain": [
       "385.8861996715914"
      ]
     },
     "execution_count": 5,
     "metadata": {},
     "output_type": "execute_result"
    }
   ],
   "source": [
    "haversine(df_cities.Coordinates[0],df_cities.Coordinates[1])"
   ]
  },
  {
   "cell_type": "code",
   "execution_count": 6,
   "metadata": {},
   "outputs": [
    {
     "data": {
      "text/plain": [
       "'\\nAlgorithm 6.4.1: Pseudocode for Ant Colony System.\\nInput: ProblemSize, P opulationsize, m, ρ, β, σ, q0\\nOutput: Pbest\\n1 Pbest ← CreateHeuristicSolution(ProblemSize);\\n2 P bestcost ← Cost(Sh);\\nP heromoneinit ← 1.0 / ProblemSize×P bestcost\\n3 ;\\n4 Pheromone ← InitializePheromone(P heromoneinit);\\n5 while ¬StopCondition() do\\n6 for i = 1 to m do\\n7 Si ← ConstructSolution(Pheromone, ProblemSize, β, q0);\\n8 Sicost ← Cost(Si);\\n9 if Sicost ≤ P bestcost then\\n10 P bestcost ← Sicost;\\nPbest ← Si 11 ;\\n12 end\\n13 LocalUpdateAndDecayPheromone(Pheromone, Si, Sicost, σ);\\n14 end\\n15 GlobalUpdateAndDecayPheromone(Pheromone, Pbest, P bestcost,\\nρ);\\n16 end\\n17 return Pbest;\\n'"
      ]
     },
     "execution_count": 6,
     "metadata": {},
     "output_type": "execute_result"
    }
   ],
   "source": [
    "\"\"\"\n",
    "Algorithm 6.4.1: Pseudocode for Ant Colony System.\n",
    "Input: ProblemSize, P opulationsize, m, ρ, β, σ, q0\n",
    "Output: Pbest\n",
    "1 Pbest ← CreateHeuristicSolution(ProblemSize);\n",
    "2 P bestcost ← Cost(Sh);\n",
    "P heromoneinit ← 1.0 / ProblemSize×P bestcost\n",
    "3 ;\n",
    "4 Pheromone ← InitializePheromone(P heromoneinit);\n",
    "5 while ¬StopCondition() do\n",
    "6 for i = 1 to m do\n",
    "7 Si ← ConstructSolution(Pheromone, ProblemSize, β, q0);\n",
    "8 Sicost ← Cost(Si);\n",
    "9 if Sicost ≤ P bestcost then\n",
    "10 P bestcost ← Sicost;\n",
    "Pbest ← Si 11 ;\n",
    "12 end\n",
    "13 LocalUpdateAndDecayPheromone(Pheromone, Si, Sicost, σ);\n",
    "14 end\n",
    "15 GlobalUpdateAndDecayPheromone(Pheromone, Pbest, P bestcost,\n",
    "ρ);\n",
    "16 end\n",
    "17 return Pbest;\n",
    "\"\"\""
   ]
  },
  {
   "cell_type": "code",
   "execution_count": 7,
   "metadata": {},
   "outputs": [
    {
     "name": "stderr",
     "output_type": "stream",
     "text": [
      "C:\\Users\\ianwe\\Documents\\CVUT\\BIE-ZUM\\ACO\\antColony.py:27: RuntimeWarning: divide by zero encountered in true_divide\n",
      "  self.visibility = 1/self.cityMatrix\n"
     ]
    }
   ],
   "source": [
    "colony = antColony(df_cities.head(25))"
   ]
  },
  {
   "cell_type": "code",
   "execution_count": 8,
   "metadata": {},
   "outputs": [],
   "source": [
    "cityMatrix = colony.cityMatrix"
   ]
  },
  {
   "cell_type": "code",
   "execution_count": 9,
   "metadata": {},
   "outputs": [
    {
     "name": "stdout",
     "output_type": "stream",
     "text": [
      "(25,)\n"
     ]
    }
   ],
   "source": [
    "print(cityMatrix[0].shape)"
   ]
  },
  {
   "cell_type": "code",
   "execution_count": 10,
   "metadata": {},
   "outputs": [
    {
     "name": "stdout",
     "output_type": "stream",
     "text": [
      "[[0.         0.00062581 0.00091504 0.0006308  0.00037104 0.00051217\n",
      "  0.00038858 0.00039119 0.00057639 0.00045001 0.00266303 0.00055779\n",
      "  0.00249478 0.0004256  0.00105476 0.00067222 0.01027023 0.00055587\n",
      "  0.02226337 0.00067611 0.00041822 0.00054806 0.00286457 0.0003734\n",
      "  0.00062581]\n",
      " [0.00259144 0.00065342 0.00094044 0.00065683 0.00038759 0.00055527\n",
      "  0.00043608 0.00043921 0.00063923 0.0004794  0.08176708 0.00060699\n",
      "  0.03090847 0.00046036 0.00118817 0.00074945 0.00248623 0.00060821\n",
      "  0.00241187 0.00082367 0.00046164 0.00058715 0.02717872 0.0003909\n",
      "  0.00065342]\n",
      " [0.00091504 0.00196978 0.         0.00202507 0.00062003 0.00108154\n",
      "  0.00056356 0.00056946 0.00131398 0.00085949 0.00093571 0.001302\n",
      "  0.00096546 0.000748   0.00368416 0.00190939 0.0009999  0.00126786\n",
      "  0.00093851 0.00119522 0.00068377 0.00130462 0.00094317 0.00062558\n",
      "  0.00196978]\n",
      " [0.0006308  0.04675754 0.00202507 0.         0.00089151 0.00195051\n",
      "  0.00067286 0.000681   0.0021416  0.00143576 0.00065387 0.00255967\n",
      "  0.00066993 0.00110139 0.00146783 0.00261927 0.00066966 0.00232627\n",
      "  0.00064152 0.00117193 0.00090896 0.00304178 0.00065594 0.00090179\n",
      "  0.04675754]\n",
      " [0.00037104 0.00090395 0.00062003 0.00089151 0.         0.00126149\n",
      "  0.00082298 0.00082848 0.00096277 0.00199134 0.00038629 0.00106785\n",
      "  0.00039242 0.00181751 0.0005693  0.00080133 0.00038374 0.00105674\n",
      "  0.00037432 0.00065266 0.00122654 0.00113904 0.00038624 0.02693029\n",
      "  0.00090395]\n",
      " [0.00051217 0.00203518 0.00108154 0.00195051 0.00126149 0.\n",
      "  0.0010011  0.00101837 0.00406296 0.00344162 0.00055242 0.00623792\n",
      "  0.00056534 0.00242536 0.00099552 0.00213328 0.00053495 0.00637964\n",
      "  0.00051704 0.00131429 0.00169472 0.00539942 0.00055171 0.00130419\n",
      "  0.00203518]\n",
      " [0.00038858 0.00068251 0.00056356 0.00067286 0.00082298 0.0010011\n",
      "  0.         0.05441275 0.00096291 0.00098792 0.00043385 0.00091267\n",
      "  0.000442   0.0013177  0.00057992 0.0007985  0.00039772 0.00094651\n",
      "  0.00038894 0.00091363 0.00221931 0.0008493  0.00043128 0.00084844\n",
      "  0.00068251]\n",
      " [0.00039119 0.00069087 0.00056946 0.000681   0.00082848 0.00101837\n",
      "  0.05441275 0.         0.00098005 0.00100191 0.00043694 0.00092766\n",
      "  0.00044522 0.00134047 0.0005861  0.00081039 0.00040049 0.00096273\n",
      "  0.00039158 0.00092824 0.00228849 0.00086193 0.00043435 0.00085436\n",
      "  0.00069087]\n",
      " [0.00057639 0.00223423 0.00131398 0.0021416  0.00096277 0.00406296\n",
      "  0.00096291 0.00098005 0.         0.00186393 0.00063532 0.0073079\n",
      "  0.00065268 0.00162591 0.00126176 0.00397986 0.00060408 0.00970103\n",
      "  0.00058163 0.00188891 0.00142553 0.00392815 0.00063391 0.00098782\n",
      "  0.00223423]\n",
      " [0.00045001 0.00147641 0.00085949 0.00143576 0.00199134 0.00344162\n",
      "  0.00098792 0.00100191 0.00186393 0.         0.00047732 0.0022805\n",
      "  0.00048685 0.00374246 0.00078394 0.0013304  0.00046811 0.00224681\n",
      "  0.00045423 0.00096224 0.00177892 0.0025044  0.00047699 0.00209938\n",
      "  0.00147641]\n",
      " [0.00266303 0.00065043 0.00093571 0.00065387 0.00038629 0.00055242\n",
      "  0.00043385 0.00043694 0.00063532 0.00047732 0.         0.00060366\n",
      "  0.02319097 0.00045824 0.00117818 0.00074439 0.00253974 0.00060479\n",
      "  0.00247009 0.000816   0.00045932 0.00058422 0.03684963 0.00038955\n",
      "  0.00065043]\n",
      " [0.00055779 0.00270575 0.001302   0.00255967 0.00106785 0.00623792\n",
      "  0.00091267 0.00092766 0.0073079  0.0022805  0.00060366 0.\n",
      "  0.00061899 0.00175428 0.00118382 0.00319299 0.00058504 0.02244754\n",
      "  0.00056365 0.00150759 0.00139461 0.00837463 0.00060307 0.00109559\n",
      "  0.00270575]\n",
      " [0.00249478 0.00066646 0.00096546 0.00066993 0.00039242 0.00056534\n",
      "  0.000442   0.00044522 0.00065268 0.00048685 0.02319097 0.00061899\n",
      "  0.         0.00046731 0.0012321  0.00076783 0.00244001 0.00062031\n",
      "  0.00234192 0.00084571 0.0004686  0.00059823 0.0170993  0.00039581\n",
      "  0.00066646]\n",
      " [0.0004256  0.00112713 0.000748   0.00110139 0.00181751 0.00242536\n",
      "  0.0013177  0.00134047 0.00162591 0.00374246 0.00045824 0.00175428\n",
      "  0.00046731 0.         0.00071188 0.00115926 0.00044067 0.00180062\n",
      "  0.00042855 0.00096966 0.00322109 0.00171565 0.00045724 0.0019437\n",
      "  0.00112713]\n",
      " [0.00105476 0.00145169 0.00368416 0.00146783 0.0005693  0.00099552\n",
      "  0.00057992 0.0005861  0.00126176 0.00078394 0.00117818 0.00118382\n",
      "  0.0012321  0.00071188 0.         0.00184396 0.00115587 0.00117418\n",
      "  0.00107556 0.00145888 0.00067874 0.00113593 0.00118363 0.00057554\n",
      "  0.00145169]\n",
      " [0.00067222 0.00269816 0.00190939 0.00261927 0.00080133 0.00213328\n",
      "  0.0007985  0.00081039 0.00397986 0.0013304  0.00074439 0.00319299\n",
      "  0.00076783 0.00115926 0.00184396 0.         0.00071091 0.00319678\n",
      "  0.00067986 0.0021205  0.00105637 0.00262919 0.00074347 0.00081633\n",
      "  0.00269816]\n",
      " [0.01027023 0.00066388 0.0009999  0.00066966 0.00038374 0.00053495\n",
      "  0.00039772 0.00040049 0.00060408 0.00046811 0.00253974 0.00058504\n",
      "  0.00244001 0.00044067 0.00115587 0.00071091 0.         0.00058248\n",
      "  0.01524593 0.00070407 0.0004312  0.0005754  0.00272766 0.00038619\n",
      "  0.00066388]\n",
      " [0.00055587 0.002445   0.00126786 0.00232627 0.00105674 0.00637964\n",
      "  0.00094651 0.00096273 0.00970103 0.00224681 0.00060479 0.02244754\n",
      "  0.00062031 0.00180062 0.00117418 0.00319678 0.00058248 0.\n",
      "  0.00056137 0.00158107 0.00145855 0.00618154 0.00060392 0.00108546\n",
      "  0.002445  ]\n",
      " [0.02226337 0.0006362  0.00093851 0.00064152 0.00037432 0.00051704\n",
      "  0.00038894 0.00039158 0.00058163 0.00045423 0.00247009 0.00056365\n",
      "  0.00234192 0.00042855 0.00107556 0.00067986 0.01524593 0.00056137\n",
      "  0.         0.00067722 0.00042003 0.00055454 0.00264571 0.00037665\n",
      "  0.0006362 ]\n",
      " [0.00067611 0.00118742 0.00119522 0.00117193 0.00065266 0.00131429\n",
      "  0.00091363 0.00092824 0.00188891 0.00096224 0.000816   0.00150759\n",
      "  0.00084571 0.00096966 0.00145888 0.0021205  0.00070407 0.00158107\n",
      "  0.00067722 0.         0.00103848 0.00129183 0.00080862 0.00066577\n",
      "  0.00118742]\n",
      " [0.00041822 0.00092698 0.00068377 0.00090896 0.00122654 0.00169472\n",
      "  0.00221931 0.00228849 0.00142553 0.00177892 0.00045932 0.00139461\n",
      "  0.0004686  0.00322109 0.00067874 0.00105637 0.0004312  0.00145855\n",
      "  0.00042003 0.00103848 0.         0.00129009 0.00045749 0.00128505\n",
      "  0.00092698]\n",
      " [0.00054806 0.00325156 0.00130462 0.00304178 0.00113904 0.00539942\n",
      "  0.0008493  0.00086193 0.00392815 0.0025044  0.00058422 0.00837463\n",
      "  0.00059823 0.00171565 0.00113593 0.00262919 0.0005754  0.00618154\n",
      "  0.00055454 0.00129183 0.00129009 0.         0.00058427 0.00116583\n",
      "  0.00325156]\n",
      " [0.00286457 0.00065233 0.00094317 0.00065594 0.00038624 0.00055171\n",
      "  0.00043128 0.00043435 0.00063391 0.00047699 0.03684963 0.00060307\n",
      "  0.0170993  0.00045724 0.00118363 0.00074347 0.00272766 0.00060392\n",
      "  0.00264571 0.00080862 0.00045749 0.00058427 0.         0.00038946\n",
      "  0.00065233]\n",
      " [0.0003734  0.00091491 0.00062558 0.00090179 0.02693029 0.00130419\n",
      "  0.00084844 0.00085436 0.00098782 0.00209938 0.00038955 0.00109559\n",
      "  0.00039581 0.0019437  0.00057554 0.00081633 0.00038619 0.00108546\n",
      "  0.00037665 0.00066577 0.00128505 0.00116583 0.00038946 0.\n",
      "  0.00091491]\n",
      " [0.00062581 0.         0.00196978 0.04675754 0.00090395 0.00203518\n",
      "  0.00068251 0.00069087 0.00223423 0.00147641 0.00065043 0.00270575\n",
      "  0.00066646 0.00112713 0.00145169 0.00269816 0.00066388 0.002445\n",
      "  0.0006362  0.00118742 0.00092698 0.00325156 0.00065233 0.00091491\n",
      "  0.        ]]\n"
     ]
    }
   ],
   "source": [
    "print(colony.visibility)"
   ]
  },
  {
   "cell_type": "code",
   "execution_count": null,
   "metadata": {},
   "outputs": [],
   "source": []
  }
 ],
 "metadata": {
  "kernelspec": {
   "display_name": "Python 3",
   "language": "python",
   "name": "python3"
  },
  "language_info": {
   "codemirror_mode": {
    "name": "ipython",
    "version": 3
   },
   "file_extension": ".py",
   "mimetype": "text/x-python",
   "name": "python",
   "nbconvert_exporter": "python",
   "pygments_lexer": "ipython3",
   "version": "3.7.1"
  }
 },
 "nbformat": 4,
 "nbformat_minor": 2
}
